--- Relatorio do Metodo da Bissecao ---
Funcao: f(x) = 6.51162791 * x**13 - 7.51162791 * x**12 + 1

Iter |            a |            b |     c (raiz) |            f(c) |      Erro |b-a|
---------------------------------------------------------------------------
   1 |     1.010000 |     1.200000 |     1.105000 |   -4.813636e-02 |    1.900000e-01
   2 |     1.105000 |     1.200000 |     1.152500 |    9.616872e-01 |    9.500000e-02
   3 |     1.105000 |     1.152500 |     1.128750 |    3.086635e-01 |    4.750000e-02
   4 |     1.105000 |     1.128750 |     1.116875 |    9.973946e-02 |    2.375000e-02
   5 |     1.105000 |     1.116875 |     1.110937 |    1.888379e-02 |    1.187500e-02
   6 |     1.105000 |     1.110937 |     1.107969 |   -1.627224e-02 |    5.937500e-03
   7 |     1.107969 |     1.110937 |     1.109453 |    8.840935e-04 |    2.968750e-03
   8 |     1.107969 |     1.109453 |     1.108711 |   -7.798207e-03 |    1.484375e-03
   9 |     1.108711 |     1.109453 |     1.109082 |   -3.483250e-03 |    7.421875e-04
  10 |     1.109082 |     1.109453 |     1.109268 |   -1.306147e-03 |    3.710938e-04
  11 |     1.109268 |     1.109453 |     1.109360 |   -2.126711e-04 |    1.855469e-04
  12 |     1.109360 |     1.109453 |     1.109407 |    3.352997e-04 |    9.277344e-05
  13 |     1.109360 |     1.109407 |     1.109384 |    6.121145e-05 |    4.638672e-05
  14 |     1.109360 |     1.109384 |     1.109372 |   -7.575554e-05 |    2.319336e-05
  15 |     1.109372 |     1.109384 |     1.109378 |   -7.278471e-06 |    1.159668e-05
  16 |     1.109378 |     1.109384 |     1.109381 |    2.696488e-05 |    5.798340e-06
  17 |     1.109378 |     1.109381 |     1.109379 |    9.842805e-06 |    2.899170e-06
  18 |     1.109378 |     1.109379 |     1.109378 |    1.282066e-06 |    1.449585e-06
  19 |     1.109378 |     1.109378 |     1.109378 |   -2.998227e-06 |    7.247925e-07
  20 |     1.109378 |     1.109378 |     1.109378 |   -8.580868e-07 |    3.623962e-07
  21 |     1.109378 |     1.109378 |     1.109378 |    2.119882e-07 |    1.811981e-07

---------------------------------------------------------------------------
--- Resumo Final ---
Raiz encontrada:     1.10937838
Erro final estimado: 9.06e-08
Numero de iteracoes: 21
Tempo de execucao:   0.000051 segundos
