--- Relatorio do Metodo de Gauss-Seidel ---
Matriz A:
[[-4.  1.  1.  0.  0.  0.  0.  0.  0.]
 [ 1. -4.  1.  1.  0.  0.  0.  0.  0.]
 [ 1.  1. -4.  0.  1.  0.  0.  0.  0.]
 [ 0.  1.  0. -4.  1.  1.  0.  0.  0.]
 [ 0.  0.  1.  1. -4.  1.  1.  0.  0.]
 [ 0.  0.  0.  1.  1. -4.  0.  1.  0.]
 [ 0.  0.  0.  0.  1.  0. -4.  1.  1.]
 [ 0.  0.  0.  0.  0.  1.  1. -4.  1.]
 [ 0.  0.  0.  0.  0.  0.  1.  1. -4.]]

Vetor b:
[ -50.  -50. -150.    0.    0. -100.  -50.  -50. -150.]

Iter | Vetor x                                  |            Erro
-----------------------------------------------------------------
   1 | [12.500000 15.625000 44.531250 3.906250 12.109375 29.003906 15.527344 23.632812 47.290039] |    8.014051e+01
   2 | [27.539062 31.494141 55.285645 18.151855 29.492188 42.819214 37.603760 44.428253 58.008003] |    4.821115e+01
   3 | [34.194946 39.408112 63.273811 27.929878 42.906666 53.816199 48.835731 52.664983 62.875178] |    2.801650e+01
   4 | [38.170481 44.843543 68.980172 35.391602 51.755926 59.953128 54.324022 56.788082 65.278026] |    1.739123e+01
   5 | [40.955929 48.831926 72.885945 40.135245 56.824585 63.436978 57.222673 58.984419 66.551773] |    1.068177e+01
   6 | [42.929468 51.487664 75.310429 42.937307 59.726847 65.412143 58.815760 60.194919 67.252670] |    6.441768e+00
   7 | [44.199523 53.111815 76.759546 44.562701 61.387538 66.536289 59.708782 60.874435 67.645804] |    3.798439e+00
   8 | [44.967840 54.072522 77.606975 45.499087 62.337783 67.177826 60.214506 61.259534 67.868510] |    2.208261e+00
   9 | [45.419874 54.631484 78.097285 46.036773 62.881598 67.544476 60.502410 61.478849 67.995315] |    1.274174e+00
  10 | [45.682192 54.954063 78.379463 46.345034 63.192846 67.754182 60.666753 61.604062 68.067704] |    7.323222e-01
  11 | [45.833382 55.139470 78.541424 46.521625 63.370996 67.874171 60.760691 61.675641 68.109083] |    4.200525e-01
  12 | [45.920224 55.245818 78.634259 46.622746 63.472967 67.942839 60.814423 61.716586 68.132752] |    2.406919e-01
  13 | [45.970019 55.306756 78.687436 46.680640 63.531334 67.982140 60.845168 61.740015 68.146296] |    1.378461e-01
  14 | [45.998548 55.341656 78.717885 46.713783 63.564744 68.004635 60.862764 61.753424 68.154047] |    7.892482e-02
  15 | [46.014885 55.361638 78.735317 46.732754 63.583868 68.017511 60.872835 61.761098 68.158483] |    4.518299e-02
  16 | [46.024239 55.373077 78.745296 46.743614 63.594814 68.024882 60.878599 61.765491 68.161022] |    2.586468e-02
  17 | [46.029593 55.379626 78.751008 46.749830 63.601080 68.029100 60.881898 61.768005 68.162476] |    1.480555e-02
  18 | [46.032659 55.383374 78.754278 46.753389 63.604666 68.031515 60.883787 61.769444 68.163308] |    8.474895e-03
  19 | [46.034413 55.385520 78.756150 46.755425 63.606719 68.032897 60.884868 61.770268 68.163784] |    4.851102e-03
  20 | [46.035417 55.386748 78.757221 46.756591 63.607894 68.033688 60.885487 61.770740 68.164057] |    2.776800e-03
  21 | [46.035992 55.387451 78.757834 46.757259 63.608567 68.034141 60.885841 61.771010 68.164213] |    1.589453e-03
  22 | [46.036321 55.387854 78.758186 46.757640 63.608952 68.034401 60.886044 61.771164 68.164302] |    9.098093e-04
  23 | [46.036510 55.388084 78.758386 46.757859 63.609172 68.034549 60.886160 61.771253 68.164353] |    5.207782e-04
  24 | [46.036618 55.388216 78.758501 46.757984 63.609299 68.034634 60.886226 61.771303 68.164382] |    2.980953e-04
  25 | [46.036679 55.388291 78.758567 46.758056 63.609371 68.034682 60.886264 61.771332 68.164399] |    1.706308e-04
  26 | [46.036715 55.388334 78.758605 46.758097 63.609412 68.034710 60.886286 61.771349 68.164409] |    9.766964e-05
  27 | [46.036735 55.388359 78.758627 46.758120 63.609436 68.034726 60.886298 61.771358 68.164414] |    5.590643e-05
  28 | [46.036746 55.388373 78.758639 46.758134 63.609449 68.034735 60.886305 61.771364 68.164417] |    3.200103e-05
  29 | [46.036753 55.388381 78.758646 46.758142 63.609457 68.034741 60.886310 61.771367 68.164419] |    1.831750e-05
  30 | [46.036757 55.388386 78.758650 46.758146 63.609462 68.034744 60.886312 61.771369 68.164420] |    1.048500e-05
  31 | [46.036759 55.388389 78.758652 46.758148 63.609464 68.034745 60.886313 61.771370 68.164421] |    6.001648e-06
  32 | [46.036760 55.388390 78.758654 46.758150 63.609466 68.034746 60.886314 61.771370 68.164421] |    3.435364e-06
  33 | [46.036761 55.388391 78.758654 46.758151 63.609466 68.034747 60.886314 61.771371 68.164421] |    1.966414e-06
  34 | [46.036761 55.388392 78.758655 46.758151 63.609467 68.034747 60.886315 61.771371 68.164421] |    1.125582e-06
  35 | [46.036762 55.388392 78.758655 46.758151 63.609467 68.034747 60.886315 61.771371 68.164421] |    6.442868e-07

---------------------------------------------------------------------------
--- Resumo Final ---
Solucao encontrada:  [46.03676 55.38839 78.75866 46.75815 63.60947 68.03475 60.88631 61.77137
 68.16442]
Erro final estimado: 6.44e-07
Numero de iteracoes: 35
Tempo de execucao:   0.013529 segundos
