--- Relatorio do Metodo de Jacobi ---
Matriz A:
[[-4.  1.  1.  0.  0.  0.  0.  0.  0.]
 [ 1. -4.  1.  1.  0.  0.  0.  0.  0.]
 [ 1.  1. -4.  0.  1.  0.  0.  0.  0.]
 [ 0.  1.  0. -4.  1.  1.  0.  0.  0.]
 [ 0.  0.  1.  1. -4.  1.  1.  0.  0.]
 [ 0.  0.  0.  1.  1. -4.  0.  1.  0.]
 [ 0.  0.  0.  0.  1.  0. -4.  1.  1.]
 [ 0.  0.  0.  0.  0.  1.  1. -4.  1.]
 [ 0.  0.  0.  0.  0.  0.  1.  1. -4.]]

Vetor b:
[ -50.  -50. -150.    0.    0. -100.  -50.  -50. -150.]

Iter | Vetor x                                  |            Erro
-----------------------------------------------------------------
   1 | [12.500000 12.500000 37.500000 -0.000000 -0.000000 25.000000 12.500000 12.500000 37.500000] |    6.373774e+01
   2 | [25.000000 25.000000 43.750000 9.375000 18.750000 28.125000 25.000000 31.250000 43.750000] |    3.671044e+01
   3 | [29.687500 32.031250 54.687500 17.968750 26.562500 39.843750 35.937500 36.718750 51.562500] |    2.595820e+01
   4 | [34.179688 38.085938 59.570312 24.609375 37.109375 45.312500 41.210938 44.335938 55.664062] |    1.919833e+01
   5 | [36.914062 42.089844 64.843750 30.126953 42.675781 51.513672 46.777344 48.046875 58.886719] |    1.436460e+01
   6 | [39.233398 45.471191 67.919922 34.069824 48.315430 55.212402 49.902344 51.794434 61.206055] |    1.079339e+01
   7 | [40.847778 47.805786 70.755005 37.249756 51.776123 58.544922 52.828979 54.080200 62.924194] |    8.125899e+00
   8 | [42.140198 49.713135 72.607422 39.531708 54.844666 60.776520 54.695129 56.074524 64.227295] |    6.123804e+00
   9 | [43.080139 51.069832 74.174500 41.333580 56.902695 62.612724 56.286621 57.424736 65.192413] |    4.617477e+00
  10 | [43.811083 52.147055 75.263166 42.646313 58.601856 63.915253 57.379961 58.522940 65.927839] |    3.482697e+00
  11 | [44.352555 52.930140 76.139998 43.666041 59.801173 64.942777 58.263159 59.305763 66.475725] |    2.627222e+00
  12 | [44.767535 53.539649 76.770967 44.418523 60.752994 65.693244 58.895665 59.920415 66.892231] |    1.982060e+00
  13 | [45.077654 53.989256 77.265044 44.996472 61.444600 66.272983 59.391410 60.370285 67.204020] |    1.495404e+00
  14 | [45.313575 54.334792 77.627878 45.426710 61.981477 66.702839 59.754726 60.717103 67.440424] |    1.128268e+00
  15 | [45.490668 54.592041 77.907461 45.754777 62.378038 67.031323 60.034751 60.974497 67.617957] |    8.512810e-01
  16 | [45.624875 54.788226 78.115187 46.000350 62.682078 67.276828 60.242623 61.171008 67.752312] |    6.422992e-01
  17 | [45.725853 54.935103 78.273795 46.186783 62.908747 67.463359 60.401349 61.317941 67.853408] |    4.846229e-01
  18 | [45.802225 55.046608 78.392426 46.326802 63.081322 67.603368 60.520024 61.429529 67.929823] |    3.656552e-01
  19 | [45.859758 55.130363 78.482539 46.432824 63.210655 67.709413 60.610168 61.513304 67.987388] |    2.758927e-01
  20 | [45.903225 55.193780 78.550194 46.512608 63.308736 67.789196 60.677837 61.576742 68.030868] |    2.081657e-01
  21 | [45.935994 55.241507 78.601435 46.572928 63.382459 67.849522 60.729087 61.624475 68.063645] |    1.570646e-01
  22 | [45.960736 55.277589 78.639990 46.618372 63.438243 67.894965 60.767645 61.660563 68.088390] |    1.185079e-01
  23 | [45.979395 55.304774 78.669142 46.652699 63.480243 67.929294 60.796799 61.687750 68.107052] |    8.941629e-02
  24 | [45.993479 55.325309 78.691103 46.678578 63.511984 67.955173 60.818761 61.708286 68.121137] |    6.746615e-02
  25 | [46.004103 55.340790 78.707693 46.698116 63.535904 67.974712 60.835352 61.723768 68.131762] |    5.090439e-02
  26 | [46.012121 55.352478 78.720199 46.712851 63.553968 67.989447 60.847858 61.735456 68.139780] |    3.840826e-02
  27 | [46.018169 55.361293 78.729642 46.723973 63.567589 68.000569 60.857301 61.744271 68.145829] |    2.897970e-02
  28 | [46.022734 55.367946 78.736763 46.732363 63.577871 68.008958 60.864422 61.750925 68.150393] |    2.186570e-02
  29 | [46.026177 55.372965 78.742138 46.738694 63.585627 68.015290 60.869797 61.755943 68.153837] |    1.649805e-02
  30 | [46.028776 55.376752 78.746192 46.743470 63.591480 68.020066 60.873852 61.759731 68.156435] |    1.244807e-02
  31 | [46.030736 55.379610 78.749252 46.747074 63.595895 68.023670 60.876911 61.762588 68.158396] |    9.392287e-03
  32 | [46.032215 55.381766 78.751560 46.749794 63.599227 68.026389 60.879220 61.764744 68.159875] |    7.086645e-03
  33 | [46.033331 55.383392 78.753302 46.751846 63.601741 68.028441 60.880962 61.766371 68.160991] |    5.346998e-03
  34 | [46.034174 55.384620 78.754616 46.753394 63.603638 68.029989 60.882276 61.767598 68.161833] |    4.034404e-03
  35 | [46.034809 55.385546 78.755608 46.754562 63.605069 68.031157 60.883267 61.768525 68.162469] |    3.044029e-03
  36 | [46.035288 55.386245 78.756356 46.755443 63.606149 68.032039 60.884015 61.769223 68.162948] |    2.296773e-03
  37 | [46.035650 55.386772 78.756920 46.756108 63.606963 68.032704 60.884580 61.769751 68.163310] |    1.732956e-03
  38 | [46.035923 55.387170 78.757346 46.756610 63.607578 68.033205 60.885006 61.770148 68.163583] |    1.307545e-03
  39 | [46.036129 55.387470 78.757668 46.756988 63.608042 68.033584 60.885327 61.770448 68.163789] |    9.865660e-04
  40 | [46.036284 55.387696 78.757910 46.757274 63.608392 68.033870 60.885570 61.770675 68.163944] |    7.443814e-04
  41 | [46.036402 55.387867 78.758093 46.757489 63.608656 68.034085 60.885753 61.770846 68.164061] |    5.616488e-04
  42 | [46.036490 55.387996 78.758231 46.757652 63.608855 68.034248 60.885891 61.770975 68.164150] |    4.237739e-04
  43 | [46.036557 55.388093 78.758335 46.757775 63.609005 68.034370 60.885995 61.771072 68.164216] |    3.197448e-04
  44 | [46.036607 55.388167 78.758414 46.757867 63.609119 68.034463 60.886073 61.771145 68.164267] |    2.412531e-04
  45 | [46.036645 55.388222 78.758473 46.757937 63.609204 68.034533 60.886133 61.771201 68.164305] |    1.820297e-04
  46 | [46.036674 55.388264 78.758518 46.757990 63.609269 68.034586 60.886177 61.771243 68.164333] |    1.373446e-04
  47 | [46.036695 55.388295 78.758552 46.758030 63.609318 68.034625 60.886211 61.771274 68.164355] |    1.036289e-04
  48 | [46.036712 55.388319 78.758577 46.758060 63.609354 68.034655 60.886237 61.771298 68.164371] |    7.818983e-05
  49 | [46.036724 55.388337 78.758596 46.758082 63.609382 68.034678 60.886256 61.771316 68.164384] |    5.899560e-05
  50 | [46.036733 55.388351 78.758611 46.758099 63.609403 68.034695 60.886270 61.771329 68.164393] |    4.451322e-05
  51 | [46.036740 55.388361 78.758622 46.758112 63.609419 68.034708 60.886281 61.771340 68.164400] |    3.358600e-05
  52 | [46.036746 55.388369 78.758630 46.758122 63.609431 68.034718 60.886290 61.771347 68.164405] |    2.534123e-05
  53 | [46.036750 55.388374 78.758636 46.758129 63.609440 68.034725 60.886296 61.771353 68.164409] |    1.912040e-05
  54 | [46.036753 55.388379 78.758641 46.758135 63.609447 68.034731 60.886301 61.771358 68.164412] |    1.442668e-05
  55 | [46.036755 55.388382 78.758645 46.758139 63.609452 68.034735 60.886304 61.771361 68.164415] |    1.088518e-05
  56 | [46.036757 55.388385 78.758647 46.758142 63.609456 68.034738 60.886307 61.771363 68.164416] |    8.213062e-06
  57 | [46.036758 55.388387 78.758649 46.758145 63.609459 68.034740 60.886309 61.771365 68.164418] |    6.196899e-06
  58 | [46.036759 55.388388 78.758651 46.758146 63.609461 68.034742 60.886310 61.771367 68.164419] |    4.675669e-06
  59 | [46.036760 55.388389 78.758652 46.758148 63.609462 68.034743 60.886311 61.771368 68.164419] |    3.527875e-06
  60 | [46.036760 55.388390 78.758653 46.758149 63.609464 68.034744 60.886312 61.771369 68.164420] |    2.661843e-06
  61 | [46.036761 55.388390 78.758653 46.758149 63.609465 68.034745 60.886313 61.771369 68.164420] |    2.008408e-06
  62 | [46.036761 55.388391 78.758654 46.758150 63.609465 68.034746 60.886313 61.771370 68.164421] |    1.515379e-06
  63 | [46.036761 55.388391 78.758654 46.758150 63.609466 68.034746 60.886314 61.771370 68.164421] |    1.143380e-06
  64 | [46.036761 55.388391 78.758655 46.758151 63.609466 68.034747 60.886314 61.771370 68.164421] |    8.627002e-07

---------------------------------------------------------------------------
--- Resumo Final ---
Solucao encontrada:  [46.03676 55.38839 78.75865 46.75815 63.60947 68.03475 60.88631 61.77137
 68.16442]
Erro final estimado: 8.63e-07
Numero de iteracoes: 64
Tempo de execucao:   0.003849 segundos
