--- Relatorio do Metodo da Posicao Falsa ---
Funcao: f(x) = 0.8391 - (sin(x)*cos(x)) / (0.8 - cos(x)**2)

Iter |            a |            b |     c (raiz) |            f(c) |     Erro |c-c_old|
--------------------------------------------------------------------------------
   1 |     2.000000 |    50.000000 |    29.329453 |    6.866979e-02 |                inf
   2 |    29.329453 |    50.000000 |    30.553201 |    2.149464e+00 |       1.223748e+00
   3 |    30.553201 |    50.000000 |    43.451677 |    8.618796e+00 |       1.289848e+01
   4 |    43.451677 |    50.000000 |    49.264079 |    1.730559e+00 |       5.812402e+00
   5 |    49.264079 |    50.000000 |    49.715406 |    6.921218e+00 |       4.513263e-01
   6 |    49.715406 |    50.000000 |    49.961240 |   -1.753124e+00 |       2.458344e-01
   7 |    49.715406 |    49.961240 |    49.911556 |   -3.230791e+00 |       4.968424e-02
   8 |    49.715406 |    49.911556 |    49.849133 |   -9.310960e+00 |       6.242313e-02
   9 |    49.715406 |    49.849133 |    49.772425 |    1.818809e+01 |       7.670732e-02
  10 |    49.772425 |    49.849133 |    49.823160 |   -2.221157e+01 |       5.073483e-02
  11 |    49.772425 |    49.823160 |    49.795267 |    7.733061e+01 |       2.789380e-02
  12 |    49.795267 |    49.823160 |    49.816936 |   -3.188115e+01 |       2.166966e-02
  13 |    49.795267 |    49.816936 |    49.810610 |   -5.575437e+01 |       6.325817e-03
  14 |    49.795267 |    49.810610 |    49.804182 |   -2.117873e+02 |       6.428119e-03
  15 |    49.795267 |    49.804182 |    49.797651 |    1.207231e+02 |       6.531025e-03
  16 |    49.797651 |    49.804182 |    49.800022 |    2.770809e+02 |       2.371190e-03
  17 |    49.800022 |    49.804182 |    49.802380 |   -9.157873e+02 |       2.357713e-03
  18 |    49.800022 |    49.802380 |    49.800570 |    3.965307e+02 |       1.810060e-03
  19 |    49.800570 |    49.802380 |    49.801117 |    6.977122e+02 |       5.469288e-04
  20 |    49.801117 |    49.802380 |    49.801663 |    2.913764e+03 |       5.462055e-04
  21 |    49.801663 |    49.802380 |    49.802209 |   -1.336358e+03 |       5.454825e-04
  22 |    49.801663 |    49.802209 |    49.802037 |   -2.470404e+03 |       1.715150e-04
  23 |    49.801663 |    49.802037 |    49.801866 |   -1.628008e+04 |       1.715865e-04
  24 |    49.801663 |    49.801866 |    49.801694 |    3.548622e+03 |       1.716581e-04
  25 |    49.801694 |    49.801866 |    49.801725 |    4.537292e+03 |       3.072059e-05
  26 |    49.801725 |    49.801866 |    49.801755 |    6.289804e+03 |       3.071830e-05
  27 |    49.801755 |    49.801866 |    49.801786 |    1.024857e+04 |       3.071601e-05
  28 |    49.801786 |    49.801866 |    49.801817 |    2.765708e+04 |       3.071372e-05
  29 |    49.801817 |    49.801866 |    49.801847 |   -3.958054e+04 |       3.071143e-05
  30 |    49.801817 |    49.801847 |    49.801829 |    9.179976e+04 |       1.807879e-05
  31 |    49.801829 |    49.801847 |    49.801842 |   -6.958296e+04 |       1.263225e-05
  32 |    49.801829 |    49.801842 |    49.801837 |   -2.875324e+05 |       5.446614e-06
  33 |    49.801829 |    49.801837 |    49.801831 |    1.348536e+05 |       5.446686e-06
  34 |    49.801831 |    49.801837 |    49.801833 |    2.539609e+05 |       1.738943e-06
  35 |    49.801833 |    49.801837 |    49.801835 |    2.175042e+06 |       1.738936e-06
  36 |    49.801835 |    49.801837 |    49.801836 |   -3.313336e+05 |       1.738928e-06
  37 |    49.801835 |    49.801836 |    49.801836 |   -3.908780e+05 |       2.298799e-07

---------------------------------------------------------------------------
--- Resumo Final ---
Raiz encontrada:     49.80183613
Erro final estimado: 2.30e-07
Numero de iteracoes: 37
Tempo de execucao:   0.000390 segundos
