--- Relatorio do Metodo da Bissecao ---
Funcao: f(x) = x**3 - x - 2

Iter |            a |            b |     c (raiz) |            f(c) |      Erro |b-a|
---------------------------------------------------------------------------
   1 |     1.000000 |     2.000000 |     1.500000 |   -1.250000e-01 |    1.000000e+00
   2 |     1.500000 |     2.000000 |     1.750000 |    1.609375e+00 |    5.000000e-01
   3 |     1.500000 |     1.750000 |     1.625000 |    6.660156e-01 |    2.500000e-01
   4 |     1.500000 |     1.625000 |     1.562500 |    2.521973e-01 |    1.250000e-01
   5 |     1.500000 |     1.562500 |     1.531250 |    5.911255e-02 |    6.250000e-02
   6 |     1.500000 |     1.531250 |     1.515625 |   -3.405380e-02 |    3.125000e-02
   7 |     1.515625 |     1.531250 |     1.523438 |    1.225042e-02 |    1.562500e-02
   8 |     1.515625 |     1.523438 |     1.519531 |   -1.097125e-02 |    7.812500e-03
   9 |     1.519531 |     1.523438 |     1.521484 |    6.221756e-04 |    3.906250e-03
  10 |     1.519531 |     1.521484 |     1.520508 |   -5.178886e-03 |    1.953125e-03
  11 |     1.520508 |     1.521484 |     1.520996 |   -2.279443e-03 |    9.765625e-04
  12 |     1.520996 |     1.521484 |     1.521240 |   -8.289059e-04 |    4.882812e-04
  13 |     1.521240 |     1.521484 |     1.521362 |   -1.034331e-04 |    2.441406e-04
  14 |     1.521362 |     1.521484 |     1.521423 |    2.593543e-04 |    1.220703e-04
  15 |     1.521362 |     1.521423 |     1.521393 |    7.795631e-05 |    6.103516e-05
  16 |     1.521362 |     1.521393 |     1.521378 |   -1.273947e-05 |    3.051758e-05
  17 |     1.521378 |     1.521393 |     1.521385 |    3.260816e-05 |    1.525879e-05
  18 |     1.521378 |     1.521385 |     1.521381 |    9.934278e-06 |    7.629395e-06
  19 |     1.521378 |     1.521381 |     1.521379 |   -1.402611e-06 |    3.814697e-06
  20 |     1.521379 |     1.521381 |     1.521380 |    4.265829e-06 |    1.907349e-06
  21 |     1.521379 |     1.521380 |     1.521380 |    1.431608e-06 |    9.536743e-07
  22 |     1.521379 |     1.521380 |     1.521380 |    1.449813e-08 |    4.768372e-07
  23 |     1.521379 |     1.521380 |     1.521380 |   -6.940566e-07 |    2.384186e-07
  24 |     1.521380 |     1.521380 |     1.521380 |   -3.397793e-07 |    1.192093e-07

---------------------------------------------------------------------------
--- Resumo Final ---
Raiz encontrada:     1.52137965
Erro final estimado: 5.96e-08
Numero de iteracoes: 24
Tempo de execucao:   0.000027 segundos
